{
 "cells": [
  {
   "cell_type": "code",
   "execution_count": 265,
   "id": "ce1362f5-599a-48b9-964f-60808c610b49",
   "metadata": {},
   "outputs": [],
   "source": [
    "import slothpy as slt\n",
    "import numpy as np\n",
    "import matplotlib.pyplot as plt\n",
    "from threadpoolctl import threadpool_limits\n",
    "from numba import jit, prange\n",
    "import scipy"
   ]
  },
  {
   "cell_type": "code",
   "execution_count": 266,
   "id": "c31926e5-93cf-4e6d-a17b-9b08ec3873fe",
   "metadata": {},
   "outputs": [],
   "source": [
    "@jit(\n",
    "    nopython=True,\n",
    "    nogil=True,\n",
    "    cache=True,\n",
    "    fastmath=True,\n",
    "    inline=\"always\",\n",
    ")\n",
    "def _3d_dot(m, xyz):\n",
    "    res = m[0] * xyz[0] + m[1] * xyz[1] + m[2] * xyz[2]\n",
    "    return res"
   ]
  },
  {
   "cell_type": "code",
   "execution_count": 335,
   "id": "e2b8e9da-0a61-4d06-8408-2d1f301b93a8",
   "metadata": {},
   "outputs": [],
   "source": [
    "# @jit(\n",
    "#     nopython=True,\n",
    "#     nogil=True,\n",
    "#     cache=True,\n",
    "#     fastmath=True,\n",
    "#     inline=\"always\",\n",
    "# )\n",
    "def cross_product(a, b):\n",
    "    result = np.empty(a.shape, dtype = a.dtype)\n",
    "    result[0] = a[1]*b[2] - a[2]*b[1]\n",
    "    result[1] = a[2]*b[0] - a[0]*b[2]\n",
    "    result[2] = a[0]*b[1] - a[1]*b[0]\n",
    "    return result"
   ]
  },
  {
   "cell_type": "code",
   "execution_count": 268,
   "id": "003210f0-22e4-4768-8ee1-991b354a3bc1",
   "metadata": {},
   "outputs": [],
   "source": [
    "@jit(\n",
    "    nopython=True,\n",
    "    nogil=True,\n",
    "    cache=True,\n",
    "    fastmath=True,\n",
    "    inline=\"always\",\n",
    ")\n",
    "def calculate_zeeman_hamiltonian(magnetic_momenta, states_energies, field):\n",
    "    magnetic_momenta_tmp = _3d_dot(magnetic_momenta, -field)\n",
    "\n",
    "    for k in range(magnetic_momenta.shape[0]):\n",
    "        magnetic_momenta_tmp[k, k] += states_energies[k]\n",
    "\n",
    "    return magnetic_momenta_tmp"
   ]
  },
  {
   "cell_type": "code",
   "execution_count": 289,
   "id": "577c27cd-8f13-48f1-9eb2-3e2f096c7cf3",
   "metadata": {},
   "outputs": [],
   "source": [
    "# @jit(\n",
    "#     nopython=True,\n",
    "#     nogil=True,\n",
    "#     cache=True,\n",
    "#     fastmath=True,\n",
    "#     inline=\"always\",\n",
    "# )\n",
    "def calculate_magnetization(energies, states_momenta, temperature):\n",
    "    factor = 3.166811563e-6 * temperature\n",
    "    z = 0\n",
    "    m = 0\n",
    "    for i in range(energies.shape[0]):\n",
    "        f = -energies[i]/factor\n",
    "        if f < -55:\n",
    "            break\n",
    "        e = np.exp(-energies[i] / factor)\n",
    "        z += e\n",
    "        m += e * states_momenta[i]\n",
    "\n",
    "    return m / z"
   ]
  },
  {
   "cell_type": "code",
   "execution_count": 327,
   "id": "a7e4229c-d44b-42a6-bdaa-9a2680c4dc7e",
   "metadata": {},
   "outputs": [],
   "source": [
    "from numba import float64, complex128\n",
    "@jit(\n",
    "    \"float64[:](complex128[:,:], complex128[:,:])\",\n",
    "    nopython=True,\n",
    "    nogil=True,\n",
    "    cache=True,\n",
    "    fastmath=True,\n",
    "    inline=\"always\",\n",
    "    parallel=True,\n",
    ")\n",
    "def _diag_utmu(m, u):\n",
    "    u = np.ascontiguousarray(u)\n",
    "    m = np.ascontiguousarray(m)\n",
    "    res = np.zeros((u.shape[0],), dtype=complex128)\n",
    "    m = u.T.conjugate() @ m\n",
    "    for i in prange(u.shape[0]): ######## tutaj sprawdz racing conditions anulując prange i parallel\n",
    "        for k in range(u.shape[0]):\n",
    "            res[i] += m[i, k] * u[k, i]\n",
    "\n",
    "    return res.real"
   ]
  },
  {
   "cell_type": "code",
   "execution_count": 361,
   "id": "8909f946-af5f-4d90-bc31-ba258f36b398",
   "metadata": {},
   "outputs": [],
   "source": [
    "def _rotate_vector_operator(vect_oper, rotation):\n",
    "    rotated_operator = np.empty_like(vect_oper)\n",
    "    rotated_operator[0] = rotation[0, 0] * vect_oper[0] + rotation[0, 1] * vect_oper[1] + rotation[0, 2] * vect_oper[2]\n",
    "    rotated_operator[1] = rotation[1, 0] * vect_oper[0] + rotation[1, 1] * vect_oper[1] + rotation[1, 2] * vect_oper[2]\n",
    "    rotated_operator[2] = rotation[2, 0] * vect_oper[0] + rotation[2, 1] * vect_oper[1] + rotation[2, 2] * vect_oper[2]\n",
    "\n",
    "    return rotated_operator"
   ]
  },
  {
   "cell_type": "code",
   "execution_count": 287,
   "id": "10ff1f44-0fd4-4a6d-bfa2-296576c42a15",
   "metadata": {},
   "outputs": [
    {
     "name": "stdout",
     "output_type": "stream",
     "text": [
      "1.9287498479639178e-22\n"
     ]
    }
   ],
   "source": [
    "print(np.exp(-50.))"
   ]
  },
  {
   "cell_type": "code",
   "execution_count": 349,
   "id": "12ac00ec-f207-4bd6-9a05-8a02cc6cd482",
   "metadata": {},
   "outputs": [],
   "source": [
    "def torque(energies, magnetic_momenta, axis, angles, fields, orientation, temperatures):\n",
    "    result = np.zeros((fields.shape[0], temperatures.shape[0], angles.shape[0]), dtype=np.float64)\n",
    "    for f in range(fields.shape[0]):\n",
    "        field = fields[f] * orientation\n",
    "        for a in range(angles.shape[0]):\n",
    "            m_vec_t = np.zeros(temperatures.shape[0])\n",
    "            rot_ax = angles[a] * axis\n",
    "            field_tmp = scipy.spatial.transform.Rotation.from_rotvec(rot_ax, degrees=True).as_matrix().T @ field\n",
    "            hamiltonian = calculate_zeeman_hamiltonian(magnetic_momenta, energies, field_tmp)\n",
    "            eigenval, eigenvect = np.linalg.eigh(hamiltonian)\n",
    "            torque = cross_product(magnetic_momenta, field_tmp)\n",
    "            torque = _3d_dot(axis, torque)\n",
    "            states_momenta = _diag_utmu(torque, eigenvect)\n",
    "            for t in range(temperatures.shape[0]):\n",
    "                m_vec_t[t] = calculate_magnetization(eigenval-eigenval[0], states_momenta, temperatures[t])\n",
    "            result[f, :, a] = m_vec_t\n",
    "    return result"
   ]
  },
  {
   "cell_type": "code",
   "execution_count": 375,
   "id": "5224101e-b8d0-4317-9c53-72ecdc9d9bf6",
   "metadata": {},
   "outputs": [],
   "source": [
    "def torque_3(energies, magnetic_momenta, axis, angles, fields, orientation, temperatures):\n",
    "    result = np.zeros((fields.shape[0], temperatures.shape[0], angles.shape[0]), dtype=np.float64)\n",
    "    for f in range(fields.shape[0]):\n",
    "        field = fields[f] * orientation\n",
    "        for a in range(angles.shape[0]):\n",
    "            m_vec_t = np.zeros(temperatures.shape[0])\n",
    "            rot_ax = angles[a] * axis\n",
    "            field_tmp = scipy.spatial.transform.Rotation.from_rotvec(rot_ax, degrees=True).as_matrix().T @ field\n",
    "            hamiltonian = calculate_zeeman_hamiltonian(magnetic_momenta, energies, field_tmp)\n",
    "            eigenval, eigenvect = np.linalg.eigh(hamiltonian)\n",
    "            torque = cross_product(magnetic_momenta, field_tmp)\n",
    "            torque = _3d_dot(axis, torque)\n",
    "            states_momenta = _diag_utmu(torque, eigenvect)\n",
    "            for t in range(temperatures.shape[0]):\n",
    "                m_vec_t[t] = calculate_magnetization(eigenval-eigenval[0], states_momenta, temperatures[t])\n",
    "            result[f, :, a] += m_vec_t\n",
    "    rot = scipy.spatial.transform.Rotation.from_rotvec(120. * np.array([0,0,1]), degrees=True).as_matrix().T\n",
    "    magnetic_momenta = _rotate_vector_operator(magnetic_momenta, rot)\n",
    "    for f in range(fields.shape[0]):\n",
    "        field = fields[f] * orientation\n",
    "        for a in range(angles.shape[0]):\n",
    "            m_vec_t = np.zeros(temperatures.shape[0])\n",
    "            rot_ax = angles[a] * axis\n",
    "            field_tmp = scipy.spatial.transform.Rotation.from_rotvec(rot_ax, degrees=True).as_matrix().T @ field\n",
    "            hamiltonian = calculate_zeeman_hamiltonian(magnetic_momenta, energies, field_tmp)\n",
    "            eigenval, eigenvect = np.linalg.eigh(hamiltonian)\n",
    "            torque = cross_product(magnetic_momenta, field_tmp)\n",
    "            torque = _3d_dot(axis, torque)\n",
    "            states_momenta = _diag_utmu(torque, eigenvect)\n",
    "            for t in range(temperatures.shape[0]):\n",
    "                m_vec_t[t] = calculate_magnetization(eigenval-eigenval[0], states_momenta, temperatures[t])\n",
    "            result[f, :, a] += m_vec_t\n",
    "    rot = scipy.spatial.transform.Rotation.from_rotvec(120. * np.array([0,0,1]), degrees=True).as_matrix().T\n",
    "    magnetic_momenta = _rotate_vector_operator(magnetic_momenta, rot)\n",
    "    for f in range(fields.shape[0]):\n",
    "        field = fields[f] * orientation\n",
    "        for a in range(angles.shape[0]):\n",
    "            m_vec_t = np.zeros(temperatures.shape[0])\n",
    "            rot_ax = angles[a] * axis\n",
    "            field_tmp = scipy.spatial.transform.Rotation.from_rotvec(rot_ax, degrees=True).as_matrix().T @ field\n",
    "            hamiltonian = calculate_zeeman_hamiltonian(magnetic_momenta, energies, field_tmp)\n",
    "            eigenval, eigenvect = np.linalg.eigh(hamiltonian)\n",
    "            torque = cross_product(magnetic_momenta, field_tmp)\n",
    "            torque = _3d_dot(axis, torque)\n",
    "            states_momenta = _diag_utmu(torque, eigenvect)\n",
    "            for t in range(temperatures.shape[0]):\n",
    "                m_vec_t[t] = calculate_magnetization(eigenval-eigenval[0], states_momenta, temperatures[t])\n",
    "            result[f, :, a] += m_vec_t\n",
    "    return result/3"
   ]
  },
  {
   "cell_type": "code",
   "execution_count": 357,
   "id": "0f051d3e-ccee-46ea-88fd-da6098e6fcec",
   "metadata": {},
   "outputs": [],
   "source": [
    "def plot_CTM(array, angles, fields, temperatures, exp):\n",
    "    c, pe, v = array.shape\n",
    "    p =1\n",
    "    fig, axs = plt.subplots(c, p, figsize=(p*5,c*5))\n",
    "    \n",
    "    # Ensure axs is a 2D array even if c or p is 1\n",
    "    if c == 1 and p == 1:\n",
    "        axs = np.array([[axs]])\n",
    "    elif c == 1:\n",
    "        axs = np.array([axs])\n",
    "    elif p == 1:\n",
    "        axs = np.array([[ax] for ax in axs])\n",
    "    \n",
    "    for i in range(c):\n",
    "        for j in range(pe):\n",
    "            axs[i,0].plot(angles,  4.359748199E-18 * 6.022E23 * array[i, j, :])\n",
    "            axs[i,0].plot(exp[:,0], 1e6 * 1207.57 / 210 * exp[:,1], color = \"r\")\n",
    "            axs[i,0].set_title(f'Field {fields[i]} Temperature {temperatures[j]}')\n",
    "            axs[i,0].set_xlabel(f'Angle / deg')\n",
    "            axs[i,0].set_ylabel(f'Torque')\n",
    "    \n",
    "    plt.tight_layout()\n",
    "    plt.show()\n",
    "    "
   ]
  },
  {
   "cell_type": "code",
   "execution_count": null,
   "id": "5f851db3-bf59-4b57-814e-3dcaa361d9b2",
   "metadata": {},
   "outputs": [],
   "source": [
    "import os\n",
    "os.remove(\"./CTM_test.slt\")\n",
    "Dy = slt.compound_from_molcas(\".\", \"DP_MB070_YbBHT3_2nd_0m_bas2\", \".\", \"CTM_test\", \"1\")"
   ]
  },
  {
   "cell_type": "code",
   "execution_count": 363,
   "id": "bf16518e-5b18-411d-ba75-0d5eddb59103",
   "metadata": {},
   "outputs": [],
   "source": [
    "import os\n",
    "os.remove(\"./CTM_test.slt\")\n",
    "Dy = slt.compound_from_molcas(\".\", \"DP_PDP067_ErRe3_bas2\", \".\", \"CTM_test\", \"1\")"
   ]
  },
  {
   "cell_type": "code",
   "execution_count": 242,
   "id": "1d269a8b-fc6d-4b9b-8f1d-f49d2295b18d",
   "metadata": {},
   "outputs": [],
   "source": [
    "import os\n",
    "os.remove(\"./CTM_test.slt\")\n",
    "Dy = slt.compound_from_molcas(\".\", \"DP_MB088_I_Ybbtmsm3prism_100K_bas2\", \".\", \"CTM_test\", \"1\")"
   ]
  },
  {
   "cell_type": "code",
   "execution_count": 30,
   "id": "800ffcdc-bc15-4ced-b5e6-445f2a9057ef",
   "metadata": {},
   "outputs": [],
   "source": [
    "import os\n",
    "os.remove(\"./seminarium/Dy.slt\")\n",
    "Dy = slt.compound_from_molcas(\"./seminarium\", \"TbCo_DG_bas3\", \"./seminarium\", \"Dy\", \"demo\")"
   ]
  },
  {
   "cell_type": "code",
   "execution_count": null,
   "id": "e45b5ffb-2b00-4c91-a11c-820745d5cb4d",
   "metadata": {},
   "outputs": [],
   "source": [
    "import os\n",
    "os.remove(\"./seminarium/Dy.slt\")\n",
    "Dy = slt.compound_from_molcas(\"./seminarium\", \"Dy\", \"demo\", \"./seminarium\", \"TbCo_DG_bas3\")"
   ]
  },
  {
   "cell_type": "code",
   "execution_count": 15,
   "id": "cee206d1-fc61-4fa2-8ed0-9ae359ddf0e5",
   "metadata": {},
   "outputs": [
    {
     "name": "stdout",
     "output_type": "stream",
     "text": [
      "\u001b[31mCompound\u001b[0m from File: \u001b[32m./CTM_test.slt\u001b[0m with the following \u001b[34mGroups\u001b[0m/\u001b[35mDatasets\u001b[0m.\n",
      "Group: \u001b[34m1\u001b[0m | \u001b[33mDescription\u001b[0m: Relativistic SOC MOLCAS results. | \u001b[33mKind\u001b[0m: MOLCAS | \u001b[33mPrecision\u001b[0m: DOUBLE | \u001b[33mStates\u001b[0m: 14 | \u001b[33mType\u001b[0m: HAMILTONIAN\n",
      "\t\u001b[35mANGULAR_MOMENTA\u001b[0m | \u001b[33mDescription\u001b[0m: Lx, Ly, and, Lz angular momentum matrices in the SOC basis [(x-0, y-1, z-2), :, :].\n",
      "\t\u001b[35mSPINS\u001b[0m | \u001b[33mDescription\u001b[0m: Sx, Sy, and Sz spin matrices in the SOC basis [(x-0, y-1, z-2), :, :].\n",
      "\t\u001b[35mSTATES_ENERGIES\u001b[0m | \u001b[33mDescription\u001b[0m: SOC energies.\n"
     ]
    }
   ],
   "source": [
    "print(Dy)"
   ]
  },
  {
   "cell_type": "code",
   "execution_count": null,
   "id": "21851df5-dc2e-445f-870c-2697a72dbec1",
   "metadata": {},
   "outputs": [],
   "source": []
  },
  {
   "cell_type": "code",
   "execution_count": 380,
   "id": "0c013d84-a6c3-4e95-9c38-ef70e1e75913",
   "metadata": {},
   "outputs": [
    {
     "name": "stdout",
     "output_type": "stream",
     "text": [
      "Exception reporting mode: Context\n"
     ]
    },
    {
     "ename": "KeyboardInterrupt",
     "evalue": "",
     "output_type": "error",
     "traceback": [
      "\u001b[0;31m---------------------------------------------------------------------------\u001b[0m",
      "\u001b[0;31mKeyboardInterrupt\u001b[0m                         Traceback (most recent call last)",
      "Cell \u001b[0;32mIn[380], line 111\u001b[0m\n\u001b[1;32m     26\u001b[0m     exp \u001b[38;5;241m=\u001b[39m np\u001b[38;5;241m.\u001b[39marray([\n\u001b[1;32m     27\u001b[0m     [\u001b[38;5;241m200\u001b[39m, \u001b[38;5;241m-\u001b[39m\u001b[38;5;241m4.08603E-6\u001b[39m],\n\u001b[1;32m     28\u001b[0m     [\u001b[38;5;241m195\u001b[39m, \u001b[38;5;241m-\u001b[39m\u001b[38;5;241m2.47513E-6\u001b[39m],\n\u001b[0;32m   (...)\u001b[0m\n\u001b[1;32m     67\u001b[0m     [\u001b[38;5;241m0\u001b[39m, \u001b[38;5;241m-\u001b[39m\u001b[38;5;241m2.19833E-6\u001b[39m]\n\u001b[1;32m     68\u001b[0m ])\n\u001b[1;32m     69\u001b[0m     \u001b[38;5;66;03m# exp = np.array([[ 2.00000e+02, -2.74473e-08],\u001b[39;00m\n\u001b[1;32m     70\u001b[0m     \u001b[38;5;66;03m#    [ 1.95000e+02, -2.03072e-08],\u001b[39;00m\n\u001b[1;32m     71\u001b[0m     \u001b[38;5;66;03m#    [ 1.90000e+02, -9.78116e-09],\u001b[39;00m\n\u001b[0;32m   (...)\u001b[0m\n\u001b[1;32m    108\u001b[0m     \u001b[38;5;66;03m#    [ 5.00000e+00, -9.13700e-10],\u001b[39;00m\n\u001b[1;32m    109\u001b[0m     \u001b[38;5;66;03m#    [ 0.00000e+00,  1.27774e-08]])\u001b[39;00m\n\u001b[0;32m--> 111\u001b[0m     \u001b[43mplot_CTM\u001b[49m\u001b[43m(\u001b[49m\u001b[43marray\u001b[49m\u001b[43m,\u001b[49m\u001b[43m \u001b[49m\u001b[43mangles\u001b[49m\u001b[43m,\u001b[49m\u001b[43m \u001b[49m\u001b[43mfields\u001b[49m\u001b[43m,\u001b[49m\u001b[43m \u001b[49m\u001b[43mtemperatures\u001b[49m\u001b[43m,\u001b[49m\u001b[43m \u001b[49m\u001b[43mexp\u001b[49m\u001b[43m)\u001b[49m\n",
      "Cell \u001b[0;32mIn[357], line 23\u001b[0m, in \u001b[0;36mplot_CTM\u001b[0;34m(array, angles, fields, temperatures, exp)\u001b[0m\n\u001b[1;32m     20\u001b[0m         axs[i,\u001b[38;5;241m0\u001b[39m]\u001b[38;5;241m.\u001b[39mset_ylabel(\u001b[38;5;124mf\u001b[39m\u001b[38;5;124m'\u001b[39m\u001b[38;5;124mTorque\u001b[39m\u001b[38;5;124m'\u001b[39m)\n\u001b[1;32m     22\u001b[0m plt\u001b[38;5;241m.\u001b[39mtight_layout()\n\u001b[0;32m---> 23\u001b[0m \u001b[43mplt\u001b[49m\u001b[38;5;241;43m.\u001b[39;49m\u001b[43mshow\u001b[49m\u001b[43m(\u001b[49m\u001b[43m)\u001b[49m\n",
      "File \u001b[0;32m~/VIRTUAL/ENV1/lib/python3.11/site-packages/matplotlib/pyplot.py:421\u001b[0m, in \u001b[0;36mshow\u001b[0;34m(*args, **kwargs)\u001b[0m\n\u001b[1;32m    377\u001b[0m \u001b[38;5;250m\u001b[39m\u001b[38;5;124;03m\"\"\"\u001b[39;00m\n\u001b[1;32m    378\u001b[0m \u001b[38;5;124;03mDisplay all open figures.\u001b[39;00m\n\u001b[1;32m    379\u001b[0m \n\u001b[0;32m   (...)\u001b[0m\n\u001b[1;32m    418\u001b[0m \u001b[38;5;124;03mexplicitly there.\u001b[39;00m\n\u001b[1;32m    419\u001b[0m \u001b[38;5;124;03m\"\"\"\u001b[39;00m\n\u001b[1;32m    420\u001b[0m _warn_if_gui_out_of_main_thread()\n\u001b[0;32m--> 421\u001b[0m \u001b[38;5;28;01mreturn\u001b[39;00m \u001b[43m_get_backend_mod\u001b[49m\u001b[43m(\u001b[49m\u001b[43m)\u001b[49m\u001b[38;5;241;43m.\u001b[39;49m\u001b[43mshow\u001b[49m\u001b[43m(\u001b[49m\u001b[38;5;241;43m*\u001b[39;49m\u001b[43margs\u001b[49m\u001b[43m,\u001b[49m\u001b[43m \u001b[49m\u001b[38;5;241;43m*\u001b[39;49m\u001b[38;5;241;43m*\u001b[39;49m\u001b[43mkwargs\u001b[49m\u001b[43m)\u001b[49m\n",
      "File \u001b[0;32m~/VIRTUAL/ENV1/lib/python3.11/site-packages/matplotlib/backend_bases.py:3546\u001b[0m, in \u001b[0;36m_Backend.show\u001b[0;34m(cls, block)\u001b[0m\n\u001b[1;32m   3544\u001b[0m     block \u001b[38;5;241m=\u001b[39m \u001b[38;5;129;01mnot\u001b[39;00m ipython_pylab \u001b[38;5;129;01mand\u001b[39;00m \u001b[38;5;129;01mnot\u001b[39;00m is_interactive()\n\u001b[1;32m   3545\u001b[0m \u001b[38;5;28;01mif\u001b[39;00m block:\n\u001b[0;32m-> 3546\u001b[0m     \u001b[38;5;28;43mcls\u001b[39;49m\u001b[38;5;241;43m.\u001b[39;49m\u001b[43mmainloop\u001b[49m\u001b[43m(\u001b[49m\u001b[43m)\u001b[49m\n",
      "File \u001b[0;32m~/VIRTUAL/ENV1/lib/python3.11/site-packages/matplotlib/backends/backend_qt.py:1021\u001b[0m, in \u001b[0;36m_BackendQT.mainloop\u001b[0;34m()\u001b[0m\n\u001b[1;32m   1018\u001b[0m \u001b[38;5;129m@staticmethod\u001b[39m\n\u001b[1;32m   1019\u001b[0m \u001b[38;5;28;01mdef\u001b[39;00m \u001b[38;5;21mmainloop\u001b[39m():\n\u001b[1;32m   1020\u001b[0m     qapp \u001b[38;5;241m=\u001b[39m QtWidgets\u001b[38;5;241m.\u001b[39mQApplication\u001b[38;5;241m.\u001b[39minstance()\n\u001b[0;32m-> 1021\u001b[0m \u001b[43m    \u001b[49m\u001b[38;5;28;43;01mwith\u001b[39;49;00m\u001b[43m \u001b[49m\u001b[43m_maybe_allow_interrupt\u001b[49m\u001b[43m(\u001b[49m\u001b[43mqapp\u001b[49m\u001b[43m)\u001b[49m\u001b[43m:\u001b[49m\n\u001b[1;32m   1022\u001b[0m \u001b[43m        \u001b[49m\u001b[43mqt_compat\u001b[49m\u001b[38;5;241;43m.\u001b[39;49m\u001b[43m_exec\u001b[49m\u001b[43m(\u001b[49m\u001b[43mqapp\u001b[49m\u001b[43m)\u001b[49m\n",
      "File \u001b[0;32m/usr/lib/python3.11/contextlib.py:144\u001b[0m, in \u001b[0;36m_GeneratorContextManager.__exit__\u001b[0;34m(self, typ, value, traceback)\u001b[0m\n\u001b[1;32m    142\u001b[0m \u001b[38;5;28;01mif\u001b[39;00m typ \u001b[38;5;129;01mis\u001b[39;00m \u001b[38;5;28;01mNone\u001b[39;00m:\n\u001b[1;32m    143\u001b[0m     \u001b[38;5;28;01mtry\u001b[39;00m:\n\u001b[0;32m--> 144\u001b[0m         \u001b[38;5;28mnext\u001b[39m(\u001b[38;5;28mself\u001b[39m\u001b[38;5;241m.\u001b[39mgen)\n\u001b[1;32m    145\u001b[0m     \u001b[38;5;28;01mexcept\u001b[39;00m \u001b[38;5;167;01mStopIteration\u001b[39;00m:\n\u001b[1;32m    146\u001b[0m         \u001b[38;5;28;01mreturn\u001b[39;00m \u001b[38;5;28;01mFalse\u001b[39;00m\n",
      "File \u001b[0;32m~/VIRTUAL/ENV1/lib/python3.11/site-packages/matplotlib/backends/qt_compat.py:269\u001b[0m, in \u001b[0;36m_maybe_allow_interrupt\u001b[0;34m(qapp)\u001b[0m\n\u001b[1;32m    267\u001b[0m signal\u001b[38;5;241m.\u001b[39msignal(signal\u001b[38;5;241m.\u001b[39mSIGINT, old_sigint_handler)\n\u001b[1;32m    268\u001b[0m \u001b[38;5;28;01mif\u001b[39;00m handler_args \u001b[38;5;129;01mis\u001b[39;00m \u001b[38;5;129;01mnot\u001b[39;00m \u001b[38;5;28;01mNone\u001b[39;00m:\n\u001b[0;32m--> 269\u001b[0m     \u001b[43mold_sigint_handler\u001b[49m\u001b[43m(\u001b[49m\u001b[38;5;241;43m*\u001b[39;49m\u001b[43mhandler_args\u001b[49m\u001b[43m)\u001b[49m\n",
      "\u001b[0;31mKeyboardInterrupt\u001b[0m: "
     ]
    }
   ],
   "source": [
    "slt.set_default_error_reporting_mode()\n",
    "energies = Dy[\"1\"].energies[:20]\n",
    "magnetic_momenta = Dy[\"1\"].magnetic_dipole_momenta[:,:20,:20]\n",
    "axis = np.array([1, 0, 0])\n",
    "axis = axis/np.linalg.norm(axis)\n",
    "orientation = np.array([0, 1, 0])\n",
    "orientation = orientation/np.linalg.norm(orientation)\n",
    "temperatures = np.linspace(2,2,1)\n",
    "fields = np.linspace(6,6,1)\n",
    "angles = np.linspace(0, 200, 200)\n",
    "\n",
    "# Rotation 1:\n",
    "# Axis [0, 0.4226, -0.9063] \n",
    "# Field [0, -0.9063, -0.4226]\n",
    "\n",
    "# [-0.27626643555556,  0.64938668042925, -0.70850109094235]\n",
    "# [-0.19884702480828, -0.75986223853124, -0.61892587535115]\n",
    "# [-0.94028544459133, -0.03010511144906,  0.33905304150578]\n",
    "\n",
    "# Rotation 1\n",
    "# Axis -0.6947 0.7193 0   \n",
    "# Field 0.7193 0.6947 0\n",
    "\n",
    "with threadpool_limits(limits=2):\n",
    "    array = torque_3(energies, magnetic_momenta, axis, angles, fields, orientation, temperatures)\n",
    "    exp = np.array([\n",
    "    [200, -4.08603E-6],\n",
    "    [195, -2.47513E-6],\n",
    "    [190, -2.41103E-6],\n",
    "    [185, -2.48829E-6],\n",
    "    [180, -8.8174E-7],\n",
    "    [175, 2.52765E-6],\n",
    "    [170, 2.62243E-6],\n",
    "    [165, 2.56102E-6],\n",
    "    [160, 4.56287E-6],\n",
    "    [155, 7.89381E-6],\n",
    "    [150, 7.6753E-6],\n",
    "    [145, 7.29135E-6],\n",
    "    [140, 6.76895E-6],\n",
    "    [135, 6.22093E-6],\n",
    "    [130, 5.6844E-6],\n",
    "    [125, 5.02606E-6],\n",
    "    [120, 4.37061E-6],\n",
    "    [115, 3.73662E-6],\n",
    "    [110, 2.99328E-6],\n",
    "    [105, 2.28951E-6],\n",
    "    [100, 1.5843E-6],\n",
    "    [95, 7.9139E-7],\n",
    "    [90, 7.65364E-8],\n",
    "    [85, -5.23695E-7],\n",
    "    [80, -1.34569E-6],\n",
    "    [75, -2.13981E-6],\n",
    "    [70, -2.71105E-6],\n",
    "    [65, -3.50625E-6],\n",
    "    [60, -4.11256E-6],\n",
    "    [55, -4.6141E-6],\n",
    "    [50, -5.29415E-6],\n",
    "    [45, -5.86882E-6],\n",
    "    [40, -6.33829E-6],\n",
    "    [35, -6.87596E-6],\n",
    "    [30, -7.34916E-6],\n",
    "    [25, -7.64086E-6],\n",
    "    [20, -7.38727E-6],\n",
    "    [15, -2.92697E-6],\n",
    "    [10, -2.38423E-6],\n",
    "    [5, -2.48394E-6],\n",
    "    [0, -2.19833E-6]\n",
    "])\n",
    "    # exp = np.array([[ 2.00000e+02, -2.74473e-08],\n",
    "    #    [ 1.95000e+02, -2.03072e-08],\n",
    "    #    [ 1.90000e+02, -9.78116e-09],\n",
    "    #    [ 1.85000e+02,  5.60339e-09],\n",
    "    #    [ 1.80000e+02,  1.87111e-08],\n",
    "    #    [ 1.75000e+02,  2.76526e-08],\n",
    "    #    [ 1.70000e+02,  3.40731e-08],\n",
    "    #    [ 1.65000e+02,  3.75770e-08],\n",
    "    #    [ 1.60000e+02,  3.83937e-08],\n",
    "    #    [ 1.55000e+02,  3.81632e-08],\n",
    "    #    [ 1.50000e+02,  3.72067e-08],\n",
    "    #    [ 1.45000e+02,  3.47279e-08],\n",
    "    #    [ 1.40000e+02,  3.13842e-08],\n",
    "    #    [ 1.35000e+02,  2.85095e-08],\n",
    "    #    [ 1.30000e+02,  2.51115e-08],\n",
    "    #    [ 1.25000e+02,  2.19240e-08],\n",
    "    #    [ 1.20000e+02,  1.78109e-08],\n",
    "    #    [ 1.15000e+02,  1.41080e-08],\n",
    "    #    [ 1.10000e+02,  9.78607e-09],\n",
    "    #    [ 1.05000e+02,  6.57638e-09],\n",
    "    #    [ 1.00000e+02,  2.13632e-09],\n",
    "    #    [ 9.50000e+01, -2.21242e-09],\n",
    "    #    [ 9.00000e+01, -6.01695e-09],\n",
    "    #    [ 8.50000e+01, -1.05483e-08],\n",
    "    #    [ 8.00000e+01, -1.38215e-08],\n",
    "    #    [ 7.50000e+01, -1.75381e-08],\n",
    "    #    [ 7.00000e+01, -2.03031e-08],\n",
    "    #    [ 6.50000e+01, -2.60107e-08],\n",
    "    #    [ 6.00000e+01, -2.76050e-08],\n",
    "    #    [ 5.50000e+01, -2.99050e-08],\n",
    "    #    [ 5.00000e+01, -3.30942e-08],\n",
    "    #    [ 4.50000e+01, -3.51025e-08],\n",
    "    #    [ 4.00000e+01, -3.69832e-08],\n",
    "    #    [ 3.50000e+01, -3.85045e-08],\n",
    "    #    [ 3.00000e+01, -3.83973e-08],\n",
    "    #    [ 2.50000e+01, -3.59733e-08],\n",
    "    #    [ 2.00000e+01, -3.25335e-08],\n",
    "    #    [ 1.50000e+01, -2.58813e-08],\n",
    "    #    [ 1.00000e+01, -1.53800e-08],\n",
    "    #    [ 5.00000e+00, -9.13700e-10],\n",
    "    #    [ 0.00000e+00,  1.27774e-08]])\n",
    "    \n",
    "    plot_CTM(array, angles, fields, temperatures, exp)"
   ]
  },
  {
   "cell_type": "code",
   "execution_count": null,
   "id": "22af5922-c87f-4ebe-8a0d-c419bd91a1f6",
   "metadata": {},
   "outputs": [],
   "source": [
    "[[-5.42547639e-05+1.57284838e-21j  3.64823129e-05-3.46682233e-06j\n",
    "  -2.01518087e-05-3.33130176e-05j -5.45122243e-06-1.28654620e-05j\n",
    "  -6.63283289e-07-5.95045748e-07j -2.10744621e-06+4.88260325e-07j\n",
    "  -1.33731342e-06-9.53273770e-07j -3.37729765e-07-3.26559552e-07j\n",
    "   1.75873595e-06-2.91224489e-07j  1.05837864e-06-6.21968759e-07j\n",
    "  -6.95059100e-07-2.67318503e-07j  6.88354833e-07-3.19460190e-07j\n",
    "  -4.45861051e-07+6.78502224e-08j -7.07498318e-09+2.41122148e-08j\n",
    "   2.98010932e-07+5.18150273e-08j  1.88648546e-07-1.62054501e-07j]\n",
    " [ 3.64823129e-05+3.46682233e-06j  5.42547639e-05-7.51689224e-21j\n",
    "   6.76258798e-06+1.22271559e-05j -1.37864646e-05-3.64113434e-05j\n",
    "  -1.11171504e-06-1.85575250e-06j  8.88760354e-07+6.42587662e-08j\n",
    "   3.05663822e-07+3.56752243e-07j -8.71147331e-07-1.39220700e-06j\n",
    "  -1.09347011e-06+5.57972791e-07j  1.19115599e-06-1.32631490e-06j\n",
    "  -5.56819669e-07+5.15595788e-07j -1.64931597e-08+7.44509450e-07j\n",
    "  -5.65901937e-09-2.44832542e-08j  4.41153983e-07+9.36957628e-08j\n",
    "   2.26127394e-07-1.03519775e-07j -7.76507993e-08+2.92345115e-07j]\n",
    " [-2.01518087e-05+3.33130176e-05j  6.76258798e-06-1.22271559e-05j\n",
    "   6.41110094e-04-1.82516369e-20j -5.68614672e-06-2.34032689e-06j\n",
    "  -7.16920762e-06+2.44641944e-07j -4.87525021e-05+2.59382211e-05j\n",
    "  -5.64496461e-07+2.39837353e-07j -2.43906137e-07-3.40607844e-07j\n",
    "   1.33970262e-06+1.85302199e-06j -6.15656980e-07+5.10313313e-07j\n",
    "   4.95463109e-08-7.83713031e-07j -1.47390471e-06+3.37324604e-06j\n",
    "  -1.52505145e-07-1.66951955e-06j -3.54340357e-07-3.39697891e-07j\n",
    "  -3.64551756e-07-7.87274356e-07j  4.51014129e-07-1.19550224e-06j]\n",
    " [-5.45122243e-06+1.28654620e-05j -1.37864646e-05+3.64113434e-05j\n",
    "  -5.68614672e-06+2.34032689e-06j  5.88957249e-05-1.55634216e-20j\n",
    "   3.24242461e-05-4.47019691e-05j -1.23265583e-06+7.06667865e-06j\n",
    "  -7.03244894e-09+4.18872835e-07j  6.00752425e-07-1.23591008e-07j\n",
    "   6.62253700e-07+4.48188827e-07j  1.15364398e-06-1.97423382e-06j\n",
    "   2.33595833e-06+2.84508042e-06j  2.60874507e-07+7.40679046e-07j\n",
    "  -4.81089844e-07-9.74900516e-08j  1.45863855e-06-8.26393926e-07j\n",
    "   7.14915282e-07+1.05902573e-06j  1.72881089e-07-8.50182931e-07j]\n",
    " [-6.63283289e-07+5.95045748e-07j -1.11171504e-06+1.85575250e-06j\n",
    "  -7.16920762e-06-2.44641944e-07j  3.24242461e-05+4.47019691e-05j\n",
    "   4.90813665e-05-1.11884776e-20j -6.88352088e-06+5.93122523e-06j\n",
    "   6.36460782e-06+3.46511903e-06j -5.45865795e-05+3.48813656e-05j\n",
    "  -1.38200288e-07-1.73598878e-07j  2.62453877e-06-2.65264768e-06j\n",
    "   6.04527970e-07-5.67565085e-09j  6.74461297e-07+1.21505561e-06j\n",
    "   2.81347487e-06+1.45343371e-06j -2.62828572e-06-4.50037638e-08j\n",
    "   2.54839639e-06-9.40743691e-07j  2.28996323e-06+1.39536012e-06j]\n",
    " [-2.10744621e-06-4.88260325e-07j  8.88760354e-07-6.42587662e-08j\n",
    "  -4.87525021e-05-2.59382211e-05j -1.23265583e-06-7.06667865e-06j\n",
    "  -6.88352088e-06-5.93122523e-06j -4.90813665e-05-4.16092355e-21j\n",
    "   1.12550446e-05+6.37944222e-05j  6.85808207e-06+2.34136562e-06j\n",
    "  -1.96630004e-06+3.17149928e-06j  2.01075442e-07+9.38325994e-08j\n",
    "   1.38373683e-06+1.28571420e-07j -2.38040172e-07-5.55718583e-07j\n",
    "  -1.90125627e-06+1.81525089e-06j -1.08234867e-06+2.97600936e-06j\n",
    "  -2.13167487e-06-1.62693691e-06j  4.88884405e-08+2.71605095e-06j]\n",
    " [-1.33731342e-06+9.53273770e-07j  3.05663822e-07-3.56752243e-07j\n",
    "  -5.64496461e-07-2.39837353e-07j -7.03244894e-09-4.18872835e-07j\n",
    "   6.36460782e-06-3.46511903e-06j  1.12550446e-05-6.37944222e-05j\n",
    "  -3.73714299e-05-8.29296814e-23j -9.27010702e-07+3.46841044e-06j\n",
    "  -4.57749997e-06+6.81343997e-05j  8.28611298e-06+2.03268713e-05j\n",
    "   1.16297654e-05-7.17083222e-06j  3.03360942e-06+2.26730932e-06j\n",
    "  -5.93182888e-07-5.82794267e-07j -3.68131891e-06-3.09309345e-06j\n",
    "  -4.14247801e-06+2.34383186e-06j  2.23764029e-06-1.35307059e-06j]\n",
    " [-3.37729765e-07+3.26559552e-07j -8.71147331e-07+1.39220700e-06j\n",
    "  -2.43906137e-07+3.40607844e-07j  6.00752425e-07+1.23591008e-07j\n",
    "  -5.45865795e-05-3.48813656e-05j  6.85808207e-06-2.34136562e-06j\n",
    "  -9.27010702e-07-3.46841044e-06j  3.73714298e-05+2.95872444e-21j\n",
    "  -1.71205476e-05+1.37378387e-05j  2.91126223e-05-6.17713942e-05j\n",
    "  -3.60363987e-06+1.16501392e-06j  8.68755805e-06+1.05450753e-05j\n",
    "  -3.10008033e-06-3.67543710e-06j  5.83919929e-07+5.92074780e-07j\n",
    "   1.59358791e-06+2.07323700e-06j  3.00864897e-06+3.68804870e-06j]\n",
    " [ 1.75873595e-06+2.91224489e-07j -1.09347011e-06-5.57972791e-07j\n",
    "   1.33970262e-06-1.85302199e-06j  6.62253700e-07-4.48188827e-07j\n",
    "  -1.38200288e-07+1.73598878e-07j -1.96630004e-06-3.17149928e-06j\n",
    "  -4.57749997e-06-6.81343997e-05j -1.71205476e-05-1.37378387e-05j\n",
    "  -2.01761011e-05+4.96480437e-22j  7.81515368e-06+4.51100646e-05j\n",
    "  -1.28799526e-05+2.10645910e-05j  6.35613645e-05-2.75397558e-06j\n",
    "   4.40947834e-07-1.56381649e-06j -9.13510559e-06+1.17962462e-05j\n",
    "  -2.14787462e-07+7.54561420e-09j -1.75734229e-06+6.41051090e-07j]\n",
    " [ 1.05837864e-06+6.21968759e-07j  1.19115599e-06+1.32631490e-06j\n",
    "  -6.15656980e-07-5.10313313e-07j  1.15364398e-06+1.97423382e-06j\n",
    "   2.62453877e-06+2.65264768e-06j  2.01075442e-07-9.38325994e-08j\n",
    "   8.28611298e-06-2.03268713e-05j  2.91126223e-05+6.17713942e-05j\n",
    "   7.81515368e-06-4.51100646e-05j  2.01761011e-05-2.97072490e-21j\n",
    "   6.30416713e-05-8.56616134e-06j  1.64127159e-05+1.84454041e-05j\n",
    "  -5.84374049e-06+1.37277921e-05j -1.15023565e-06+1.14756914e-06j\n",
    "   1.82798837e-06+3.97060481e-07j -2.13829527e-07+2.16227988e-08j]\n",
    " [-6.95059100e-07+2.67318503e-07j -5.56819669e-07-5.15595788e-07j\n",
    "   4.95463109e-08+7.83713031e-07j  2.33595833e-06-2.84508042e-06j\n",
    "   6.04527970e-07+5.67565085e-09j  1.38373683e-06-1.28571420e-07j\n",
    "   1.16297654e-05+7.17083222e-06j -3.60363987e-06-1.16501392e-06j\n",
    "  -1.28799526e-05-2.10645910e-05j  6.30416713e-05+8.56616134e-06j\n",
    "   1.87341807e-05+1.97071916e-22j -1.20643043e-05+3.19759074e-05j\n",
    "   1.73582906e-05-8.63231243e-06j  2.81163053e-05+7.26400647e-05j\n",
    "  -1.93294667e-06-2.14773566e-06j -2.19876022e-06-1.66194629e-06j]\n",
    " [ 6.88354833e-07+3.19460190e-07j -1.64931597e-08-7.44509450e-07j\n",
    "  -1.47390471e-06-3.37324604e-06j  2.60874507e-07-7.40679046e-07j\n",
    "   6.74461297e-07-1.21505561e-06j -2.38040172e-07+5.55718583e-07j\n",
    "   3.03360942e-06-2.26730932e-06j  8.68755805e-06-1.05450753e-05j\n",
    "   6.35613645e-05+2.75397558e-06j  1.64127159e-05-1.84454041e-05j\n",
    "  -1.20643043e-05-3.19759074e-05j -1.87341807e-05+5.41525583e-21j\n",
    "  -7.78346392e-05-2.97902194e-06j -2.52152814e-06+1.92215756e-05j\n",
    "   2.26732213e-06-1.56711913e-06j -2.02236811e-06+2.06375349e-06j]\n",
    " [-4.45861051e-07-6.78502224e-08j -5.65901937e-09+2.44832542e-08j\n",
    "  -1.52505145e-07+1.66951955e-06j -4.81089844e-07+9.74900516e-08j\n",
    "   2.81347487e-06-1.45343371e-06j -1.90125627e-06-1.81525089e-06j\n",
    "  -5.93182888e-07+5.82794267e-07j -3.10008033e-06+3.67543710e-06j\n",
    "   4.40947834e-07+1.56381649e-06j -5.84374049e-06-1.37277921e-05j\n",
    "   1.73582906e-05+8.63231243e-06j -7.78346392e-05+2.97902194e-06j\n",
    "  -6.91666899e-06+6.60670013e-21j -1.11975346e-06+1.90659531e-05j\n",
    "   3.54980281e-05+2.80029627e-05j  6.77668179e-05-1.73179049e-05j]\n",
    " [-7.07498318e-09-2.41122148e-08j  4.41153983e-07-9.36957628e-08j\n",
    "  -3.54340357e-07+3.39697891e-07j  1.45863855e-06+8.26393926e-07j\n",
    "  -2.62828572e-06+4.50037638e-08j -1.08234867e-06-2.97600936e-06j\n",
    "  -3.68131891e-06+3.09309345e-06j  5.83919929e-07-5.92074780e-07j\n",
    "  -9.13510559e-06-1.17962462e-05j -1.15023565e-06-1.14756914e-06j\n",
    "   2.81163053e-05-7.26400647e-05j -2.52152814e-06-1.92215756e-05j\n",
    "  -1.11975346e-06-1.90659531e-05j  6.91666899e-06+9.67897966e-21j\n",
    "   4.08509375e-05-5.67754554e-05j  1.31195621e-05+4.32683834e-05j]\n",
    " [ 2.98010932e-07-5.18150273e-08j  2.26127394e-07+1.03519775e-07j\n",
    "  -3.64551756e-07+7.87274356e-07j  7.14915282e-07-1.05902573e-06j\n",
    "   2.54839639e-06+9.40743691e-07j -2.13167487e-06+1.62693691e-06j\n",
    "  -4.14247801e-06-2.34383186e-06j  1.59358791e-06-2.07323700e-06j\n",
    "  -2.14787462e-07-7.54561420e-09j  1.82798837e-06-3.97060481e-07j\n",
    "  -1.93294667e-06+2.14773566e-06j  2.26732213e-06+1.56711913e-06j\n",
    "   3.54980281e-05-2.80029627e-05j  4.08509375e-05+5.67754554e-05j\n",
    "   6.40220193e-06+2.03716390e-20j -5.98112104e-05-6.11271404e-05j]\n",
    " [ 1.88648546e-07+1.62054501e-07j -7.76507993e-08-2.92345115e-07j\n",
    "   4.51014129e-07+1.19550224e-06j  1.72881089e-07+8.50182931e-07j\n",
    "   2.28996323e-06-1.39536012e-06j  4.88884405e-08-2.71605095e-06j\n",
    "   2.23764029e-06+1.35307059e-06j  3.00864897e-06-3.68804870e-06j\n",
    "  -1.75734229e-06-6.41051090e-07j -2.13829527e-07-2.16227988e-08j\n",
    "  -2.19876022e-06+1.66194629e-06j -2.02236811e-06-2.06375349e-06j\n",
    "   6.77668179e-05+1.73179049e-05j  1.31195621e-05-4.32683834e-05j\n",
    "  -5.98112104e-05+6.11271404e-05j -6.40220193e-06+1.43280689e-20j]]"
   ]
  },
  {
   "cell_type": "code",
   "execution_count": 320,
   "id": "f621c101-3049-43bc-ae4a-e6b672a18464",
   "metadata": {},
   "outputs": [
    {
     "ename": "NameError",
     "evalue": "name 'B' is not defined",
     "output_type": "error",
     "traceback": [
      "\u001b[0;31m---------------------------------------------------------------------------\u001b[0m",
      "\u001b[0;31mNameError\u001b[0m                                 Traceback (most recent call last)",
      "Cell \u001b[0;32mIn[320], line 1\u001b[0m\n\u001b[0;32m----> 1\u001b[0m \u001b[43mB\u001b[49m\n",
      "\u001b[0;31mNameError\u001b[0m: name 'B' is not defined"
     ]
    }
   ],
   "source": []
  },
  {
   "cell_type": "code",
   "execution_count": null,
   "id": "11e42c6a-5d2a-4077-a5f1-ce881271a9c2",
   "metadata": {},
   "outputs": [],
   "source": [
    "[-1.69496249e-04 -1.41989145e-04 -1.13589491e-04 -8.46228469e-05\n",
    " -6.99024666e-05 -5.54307570e-05 -2.56133776e-05  1.51796928e-06\n",
    "  2.96614571e-05  5.47153040e-05  7.91934780e-05  1.02917452e-04\n",
    "  1.25869413e-04  1.48642788e-04  1.71666410e-04  6.46465879e-04]\n",
    "\n",
    "\n",
    "[ 4.75562033e-08  3.34357660e-07 -4.15459646e-07  8.00331853e-07\n",
    " -3.39175091e-07  7.47864074e-07 -2.28314429e-07 -2.52930239e-07\n",
    " -6.42366829e-07 -9.02089643e-08 -5.43134034e-07 -2.67828564e-06\n",
    "  1.97848125e-08 -4.28342753e-07  3.23955205e-09 -2.18361758e-07\n",
    "  3.59721438e-07  7.40368753e-08 -4.35311558e-08 -5.79640632e-08\n",
    "  8.32358936e-07 -6.70573349e-09 -1.87749865e-08  2.18909242e-08\n",
    "  1.07156950e-06  2.42029361e-08  1.01303057e-07  2.55252619e-08\n",
    "  1.04166887e-06  1.78270054e-07  6.76729965e-08  5.31438627e-08\n",
    "  7.82865017e-07  1.07704389e-07  1.51280778e-07 -7.98727349e-08\n",
    "  4.31591884e-07  4.36526373e-07  2.63980989e-07  2.74261521e-07\n",
    " -3.09704198e-07  7.68908032e-07  2.97729764e-07  2.12798454e-07\n",
    "  5.51060214e-07  2.49305198e-07  2.98828905e-07  2.48720472e-07\n",
    "  3.95055851e-07  5.23438851e-07  3.93864189e-07  3.96390504e-07\n",
    "  5.31822735e-07 -6.76750072e-06]\n",
    "[ 1.81322037e-05  1.61398297e-05  1.39458234e-05  1.39215478e-05\n",
    "  1.19556485e-05  1.15042502e-05  1.01670613e-05  9.95957396e-06\n",
    "  8.39903040e-06  8.18611823e-06  7.70698729e-06  5.39282791e-06\n",
    "  7.09822807e-06  5.98239864e-06  6.06577339e-06  5.74242108e-06\n",
    "  5.94439503e-06  4.41305647e-06  4.14021722e-06  3.95908173e-06\n",
    "  4.08536438e-06  2.38815632e-06  2.09971332e-06  1.84874616e-06\n",
    "  1.86796979e-06  2.79030789e-07  3.92320057e-08 -2.26705396e-07\n",
    " -4.38812371e-07 -1.76104543e-06 -2.00381465e-06 -2.35912790e-06\n",
    " -2.81978148e-06 -3.83141805e-06 -4.08111897e-06 -4.42197360e-06\n",
    " -5.44809010e-06 -5.51112064e-06 -5.91685490e-06 -6.10479575e-06\n",
    " -7.35330240e-06 -7.48140219e-06 -7.92241346e-06 -8.16683758e-06\n",
    " -9.69622049e-06 -9.95045159e-06 -1.01408655e-05 -1.18674364e-05\n",
    " -1.19551757e-05 -1.39152247e-05 -1.39451040e-05 -1.59145086e-05\n",
    " -1.79205656e-05 -2.10519259e-07]\n",
    "[-5.37015438e-06 -3.65701775e-06 -5.07661419e-06 -2.53445714e-06\n",
    " -4.32535077e-06 -2.01917871e-06 -3.55786143e-06 -3.53143777e-06\n",
    " -4.04189869e-06 -2.61961624e-06 -3.42195842e-06 -8.08662641e-06\n",
    " -1.83284522e-06 -2.70024761e-06 -1.89272019e-06 -1.64384674e-06\n",
    " -8.99061071e-07 -1.05763751e-06 -1.36736991e-06 -1.19765122e-06\n",
    "  8.93508976e-07 -7.31901474e-07 -5.70757443e-07 -5.63132894e-07\n",
    "  1.80072360e-06  8.99462027e-10  9.64280524e-08  1.61904018e-07\n",
    "  2.43730687e-06  8.26854951e-07  8.63949474e-07  8.06874470e-07\n",
    "  2.89921033e-06  1.59144953e-06  1.48400473e-06  1.04578395e-06\n",
    "  2.24439212e-06  2.57688236e-06  2.18938828e-06  2.38081700e-06\n",
    "  1.20501272e-06  3.55743915e-06  2.97631518e-06  2.91710572e-06\n",
    "  4.02573495e-06  3.66941971e-06  3.68127286e-06  4.49384175e-06\n",
    "  4.35365208e-06  5.08748852e-06  5.07823953e-06  5.77976867e-06\n",
    "  6.51112209e-06 -1.49374479e-05]"
   ]
  }
 ],
 "metadata": {
  "kernelspec": {
   "display_name": "Python 3 (ipykernel)",
   "language": "python",
   "name": "python3"
  },
  "language_info": {
   "codemirror_mode": {
    "name": "ipython",
    "version": 3
   },
   "file_extension": ".py",
   "mimetype": "text/x-python",
   "name": "python",
   "nbconvert_exporter": "python",
   "pygments_lexer": "ipython3",
   "version": "3.11.9"
  }
 },
 "nbformat": 4,
 "nbformat_minor": 5
}
